iter#: 1449
nSV: 56 nBSV: 1
time: 0.041 s
0.04419504212238781
acc: 0.9833333333333333
acc: 0.74
