iter#: 4
nSV: 8 nBSV: 8
time: 0.0040 s
0.8476469207350945
acc: 0.5666666666666667
acc: 0.675