iter#: 352
nSV: 25 nBSV: 20
time: 0.015 s
-0.37635631060975666
acc: 0.8333333333333334
acc: 0.94