iter#: 7
nSV: 14 nBSV: 14
time: 0.0060 s
-0.4466700692557374
acc: 0.5666666666666667