iter#: 1944
nSV: 29 nBSV: 6
time: 0.079 s
0.16219927554348196
acc: 0.9666666666666667