iter#: 928
nSV: 31 nBSV: 13
time: 0.028 s
0.05147263908059827
acc: 0.9333333333333333